2000001|Simon M|
3000000|Dr Michael Barros|
1|Solomon|21.000000|0.000000|0.000000|2.100000|0.000000|0.000000|10|5|1|
7|Ronaldo|10.000000|3.000000|0.000000|1.428571|0.600000|0.000000|7|5|0|
201|Tom|0.000000|0.000000|0.000000|0.000000|0.000000|0.000000|0|0|0|
2000000|Joy|0.000000|0.000000|0.000000|0.000000|0.000000|0.000000|0|0|0|
869|Terry|0.000000|0.000000|0.000000|0.000000|0.000000|0.000000|0|0|0|
987|Lucy|0.000000|0.000000|0.000000|0.000000|0.000000|0.000000|0|0|0|
1233567|Dan|0.000000|0.000000|0.000000|0.000000|0.000000|0.000000|0|0|0|
765|Mary|0.000000|0.000000|0.000000|0.000000|0.000000|0.000000|0|0|0|
